Raw Data:
Information:
Sample Name	BSA digest (synthetic)
Injection Volume	10.0
Injection Date	01.01.2026
Program	Synthetic gradient

Chromatogram Data Information:
Time Min.	0.000
Time Max.	12.000
Data Points	361
Detector	UV
Signal Unit	mAU
Channel	UV_VIS_1
Wavelength	214.0

Chromatogram Data:
Time (min)	Step (s)	Value (mAU)
0.000000	n.a.	-0.0331
0.033333	2.00	0.0283
0.066667	2.00	0.0107
0.100000	2.00	-0.0038
0.133333	2.00	0.0026
0.166667	2.00	-0.0408
0.200000	2.00	0.0258
0.233333	2.00	-0.0545
0.266667	2.00	-0.0220
0.300000	2.00	0.0307
0.333333	2.00	0.0036
0.366667	2.00	0.0274
0.400000	2.00	-0.0127
0.433333	2.00	0.0162
0.466667	2.00	-0.0081
0.500000	2.00	-0.0274
0.533333	2.00	0.0227
0.566667	2.00	-0.0241
0.600000	2.00	0.0382
0.633333	2.00	-0.0351
0.666667	2.00	-0.0093
0.700000	2.00	-0.0362
0.733333	2.00	-0.0264
0.766667	2.00	0.0019
0.800000	2.00	0.0083
0.833333	2.00	-0.0556
0.866667	2.00	0.0357
0.900000	2.00	-0.0019
0.933333	2.00	-0.0212
0.966667	2.00	0.0172
1.000000	2.00	0.0047
1.033333	2.00	-0.0158
1.066667	2.00	0.0079
1.100000	2.00	0.0249
1.133333	2.00	0.0159
1.166667	2.00	0.0352
1.200000	2.00	-0.0087
1.233333	2.00	0.0068
1.266667	2.00	0.0223
1.300000	2.00	-0.0035
1.333333	2.00	0.0098
1.366667	2.00	0.0260
1.400000	2.00	0.0076
1.433333	2.00	-0.0308
1.466667	2.00	-0.0131
1.500000	2.00	-0.0368
1.533333	2.00	-0.0483
1.566667	2.00	0.0487
1.600000	2.00	0.0022
1.633333	2.00	0.0112
1.666667	2.00	-0.0069
1.700000	2.00	-0.0165
1.733333	2.00	0.0115
1.766667	2.00	-0.0006
1.800000	2.00	0.0144
1.833333	2.00	0.0370
1.866667	2.00	0.0412
1.900000	2.00	-0.0064
1.933333	2.00	0.0151
1.966667	2.00	-0.0107
2.000000	2.00	0.0284
2.033333	2.00	-0.0035
2.066667	2.00	-0.0251
2.100000	2.00	-0.0336
2.133333	2.00	0.0407
2.166667	2.00	-0.0118
2.200000	2.00	-0.0006
2.233333	2.00	-0.0046
2.266667	2.00	0.0156
2.300000	2.00	-0.0440
2.333333	2.00	0.0208
2.366667	2.00	-0.0050
2.400000	2.00	0.0043
2.433333	2.00	0.0060
2.466667	2.00	-0.0079
2.500000	2.00	-0.0511
2.533333	2.00	0.0228
2.566667	2.00	0.0175
2.600000	2.00	-0.0162
2.633333	2.00	0.0205
2.666667	2.00	0.0239
2.700000	2.00	0.0145
2.733333	2.00	0.0055
2.766667	2.00	-0.0030
2.800000	2.00	0.0066
2.833333	2.00	-0.0173
2.866667	2.00	-0.0170
2.900000	2.00	-0.0657
2.933333	2.00	-0.0513
2.966667	2.00	0.0117
3.000000	2.00	0.0170
3.033333	2.00	0.0227
3.066667	2.00	-0.0102
3.100000	2.00	0.0468
3.133333	2.00	-0.0497
3.166667	2.00	0.0627
3.200000	2.00	0.0288
3.233333	2.00	0.2539
3.266667	2.00	0.9974
3.300000	2.00	3.0091
3.333333	2.00	6.5276
3.366667	2.00	10.2690
3.400000	2.00	12.0089
3.433333	2.00	10.3097
3.466667	2.00	6.4980
3.500000	2.00	3.0048
3.533333	2.00	0.9989
3.566667	2.00	0.2455
3.600000	2.00	0.0416
3.633333	2.00	0.0620
3.666667	2.00	-0.0395
3.700000	2.00	-0.0109
3.733333	2.00	-0.0022
3.766667	2.00	0.0088
3.800000	2.00	-0.0117
3.833333	2.00	0.0247
3.866667	2.00	-0.0252
3.900000	2.00	0.0182
3.933333	2.00	0.0029
3.966667	2.00	0.0089
4.000000	2.00	-0.0246
4.033333	2.00	0.0278
4.066667	2.00	0.0017
4.100000	2.00	0.0094
4.133333	2.00	0.0231
4.166667	2.00	-0.0031
4.200000	2.00	0.0206
4.233333	2.00	-0.0018
4.266667	2.00	0.0148
4.300000	2.00	0.0324
4.333333	2.00	0.0278
4.366667	2.00	0.0289
4.400000	2.00	0.0093
4.433333	2.00	-0.0051
4.466667	2.00	-0.0107
4.500000	2.00	-0.0165
4.533333	2.00	-0.0126
4.566667	2.00	-0.0083
4.600000	2.00	0.0016
4.633333	2.00	-0.0386
4.666667	2.00	-0.0022
4.700000	2.00	-0.0391
4.733333	2.00	0.0368
4.766667	2.00	0.0016
4.800000	2.00	0.0353
4.833333	2.00	-0.0051
4.866667	2.00	-0.0126
4.900000	2.00	0.0194
4.933333	2.00	0.0006
4.966667	2.00	0.0444
5.000000	2.00	0.0001
5.033333	2.00	0.0241
5.066667	2.00	-0.0232
5.100000	2.00	-0.0252
5.133333	2.00	-0.0093
5.166667	2.00	-0.0008
5.200000	2.00	0.0471
5.233333	2.00	-0.0145
5.266667	2.00	0.0319
5.300000	2.00	-0.0362
5.333333	2.00	-0.0176
5.366667	2.00	0.0493
5.400000	2.00	-0.0203
5.433333	2.00	0.0102
5.466667	2.00	0.0146
5.500000	2.00	-0.0098
5.533333	2.00	-0.0017
5.566667	2.00	0.0282
5.600000	2.00	0.0348
5.633333	2.00	-0.0479
5.666667	2.00	0.0376
5.700000	2.00	0.0180
5.733333	2.00	0.0448
5.766667	2.00	-0.0089
5.800000	2.00	-0.0453
5.833333	2.00	0.0117
5.866667	2.00	-0.0170
5.900000	2.00	-0.0157
5.933333	2.00	-0.0195
5.966667	2.00	0.0066
6.000000	2.00	0.0324
6.033333	2.00	-0.0289
6.066667	2.00	-0.0528
6.100000	2.00	-0.0276
6.133333	2.00	-0.0483
6.166667	2.00	0.0294
6.200000	2.00	0.0307
6.233333	2.00	0.0157
6.266667	2.00	0.0152
6.300000	2.00	-0.0294
6.333333	2.00	0.0490
6.366667	2.00	-0.0111
6.400000	2.00	0.0210
6.433333	2.00	0.0077
6.466667	2.00	0.0058
6.500000	2.00	0.0326
6.533333	2.00	-0.0153
6.566667	2.00	0.0017
6.600000	2.00	-0.0255
6.633333	2.00	0.0340
6.666667	2.00	-0.0109
6.700000	2.00	0.0166
6.733333	2.00	0.0099
6.766667	2.00	-0.0204
6.800000	2.00	0.0197
6.833333	2.00	-0.0088
6.866667	2.00	0.0001
6.900000	2.00	0.0187
6.933333	2.00	0.0224
6.966667	2.00	0.1561
7.000000	2.00	0.6366
7.033333	2.00	2.1750
7.066667	2.00	6.1817
7.100000	2.00	14.7021
7.133333	2.00	29.3473
7.166667	2.00	49.4148
7.200000	2.00	69.9277
7.233333	2.00	83.1667
7.266667	2.00	84.0543
7.300000	2.00	76.9553
7.333333	2.00	64.3888
7.366667	2.00	49.3663
7.400000	2.00	34.7010
7.433333	2.00	22.2643
7.466667	2.00	13.0519
7.500000	2.00	7.0315
7.533333	2.00	3.4259
7.566667	2.00	1.5542
7.600000	2.00	0.6555
7.633333	2.00	0.2554
7.666667	2.00	0.0665
7.700000	2.00	0.0384
7.733333	2.00	-0.0108
7.766667	2.00	-0.0151
7.800000	2.00	-0.0322
7.833333	2.00	-0.0090
7.866667	2.00	-0.0384
7.900000	2.00	0.0070
7.933333	2.00	0.0227
7.966667	2.00	0.0138
8.000000	2.00	0.0281
8.033333	2.00	0.0113
8.066667	2.00	0.0008
8.100000	2.00	-0.0171
8.133333	2.00	0.0002
8.166667	2.00	0.0199
8.200000	2.00	0.0189
8.233333	2.00	-0.0313
8.266667	2.00	-0.0197
8.300000	2.00	0.0308
8.333333	2.00	0.0155
8.366667	2.00	-0.0310
8.400000	2.00	0.0064
8.433333	2.00	0.0431
8.466667	2.00	-0.0322
8.500000	2.00	0.0567
8.533333	2.00	0.0363
8.566667	2.00	0.0126
8.600000	2.00	0.0218
8.633333	2.00	0.0588
8.666667	2.00	0.0759
8.700000	2.00	0.3209
8.733333	2.00	0.8253
8.766667	2.00	1.9483
8.800000	2.00	4.0669
8.833333	2.00	7.4539
8.866667	2.00	12.3068
8.900000	2.00	18.1956
8.933333	2.00	24.0232
8.966667	2.00	28.4159
9.000000	2.00	29.9851
9.033333	2.00	28.3524
9.066667	2.00	24.0163
9.100000	2.00	18.2313
9.133333	2.00	12.3263
9.166667	2.00	7.4802
9.200000	2.00	4.0402
9.233333	2.00	1.9268
9.266667	2.00	0.8732
9.300000	2.00	0.3527
9.333333	2.00	0.1159
9.366667	2.00	0.0456
9.400000	2.00	0.0166
9.433333	2.00	-0.0267
9.466667	2.00	-0.0192
9.500000	2.00	0.0018
9.533333	2.00	-0.0097
9.566667	2.00	0.0208
9.600000	2.00	-0.0101
9.633333	2.00	0.0183
9.666667	2.00	0.0149
9.700000	2.00	0.0197
9.733333	2.00	0.0286
9.766667	2.00	0.0276
9.800000	2.00	0.0427
9.833333	2.00	-0.0231
9.866667	2.00	0.0034
9.900000	2.00	0.0419
9.933333	2.00	-0.0234
9.966667	2.00	0.0220
10.000000	2.00	0.0241
10.033333	2.00	-0.0177
10.066667	2.00	0.0371
10.100000	2.00	0.0075
10.133333	2.00	-0.0231
10.166667	2.00	0.0086
10.200000	2.00	0.0142
10.233333	2.00	-0.0290
10.266667	2.00	0.0291
10.300000	2.00	-0.0147
10.333333	2.00	-0.0116
10.366667	2.00	0.0051
10.400000	2.00	0.0191
10.433333	2.00	0.0453
10.466667	2.00	0.0178
10.500000	2.00	0.0215
10.533333	2.00	-0.0304
10.566667	2.00	0.0296
10.600000	2.00	-0.0210
10.633333	2.00	-0.0290
10.666667	2.00	-0.0135
10.700000	2.00	-0.0427
10.733333	2.00	-0.0164
10.766667	2.00	0.0138
10.800000	2.00	-0.0216
10.833333	2.00	-0.0336
10.866667	2.00	0.0239
10.900000	2.00	0.0379
10.933333	2.00	0.0596
10.966667	2.00	-0.0301
11.000000	2.00	0.0362
11.033333	2.00	0.0528
11.066667	2.00	-0.0015
11.100000	2.00	0.0075
11.133333	2.00	-0.0430
11.166667	2.00	0.0292
11.200000	2.00	0.0049
11.233333	2.00	-0.0379
11.266667	2.00	0.0140
11.300000	2.00	-0.0167
11.333333	2.00	-0.0032
11.366667	2.00	-0.0089
11.400000	2.00	-0.0120
11.433333	2.00	0.0439
11.466667	2.00	0.0146
11.500000	2.00	-0.0079
11.533333	2.00	0.0009
11.566667	2.00	-0.0388
11.600000	2.00	0.0132
11.633333	2.00	-0.0235
11.666667	2.00	-0.0306
11.700000	2.00	-0.0191
11.733333	2.00	0.0012
11.766667	2.00	-0.0049
11.800000	2.00	0.0333
11.833333	2.00	-0.0504
11.866667	2.00	-0.0206
11.900000	2.00	-0.0144
11.933333	2.00	-0.0063
11.966667	2.00	-0.0542
12.000000	2.00	0.0230
