[Header]
Application Name	LabSolutions
Version	5.97
Data File Name	C:\LabSolutions\Data\synthetic.lcd
Output Date	1/1/2026

[File Information]
Type	Data File
Generated	1/1/2026 12:00:00 PM

[Sample Information]
Operator	synthetic
Sample Name	Tryptic digest (synthetic)
Sample ID	SYN-001

[LC Chromatogram(Detector A-Ch1)]
Interval(msec)	1000
# of Points	481
Start Time(min)	0.000
End Time(min)	8.000
Intensity Units	mV
Intensity Multiplier	0.001
Wavelength(nm)	214
R.Time (min)	Intensity
0.00000	524
0.01667	441
0.03333	550
0.05000	487
0.06667	455
0.08333	499
0.10000	407
0.11667	510
0.13333	628
0.15000	444
0.16667	448
0.18333	390
0.20000	557
0.21667	570
0.23333	514
0.25000	438
0.26667	430
0.28333	514
0.30000	584
0.31667	518
0.33333	435
0.35000	565
0.36667	567
0.38333	551
0.40000	530
0.41667	450
0.43333	485
0.45000	558
0.46667	488
0.48333	472
0.50000	511
0.51667	510
0.53333	506
0.55000	522
0.56667	461
0.58333	486
0.60000	471
0.61667	432
0.63333	461
0.65000	475
0.66667	470
0.68333	552
0.70000	449
0.71667	417
0.73333	488
0.75000	480
0.76667	585
0.78333	486
0.80000	462
0.81667	481
0.83333	462
0.85000	475
0.86667	553
0.88333	558
0.90000	504
0.91667	500
0.93333	609
0.95000	516
0.96667	507
0.98333	473
1.00000	510
1.01667	553
1.03333	541
1.05000	543
1.06667	570
1.08333	567
1.10000	487
1.11667	487
1.13333	475
1.15000	600
1.16667	573
1.18333	562
1.20000	450
1.21667	427
1.23333	491
1.25000	518
1.26667	531
1.28333	472
1.30000	526
1.31667	479
1.33333	450
1.35000	498
1.36667	438
1.38333	557
1.40000	521
1.41667	562
1.43333	525
1.45000	468
1.46667	574
1.48333	484
1.50000	450
1.51667	444
1.53333	537
1.55000	472
1.56667	483
1.58333	503
1.60000	396
1.61667	432
1.63333	424
1.65000	568
1.66667	570
1.68333	491
1.70000	533
1.71667	543
1.73333	497
1.75000	532
1.76667	416
1.78333	451
1.80000	607
1.81667	520
1.83333	478
1.85000	472
1.86667	426
1.88333	518
1.90000	550
1.91667	516
1.93333	469
1.95000	518
1.96667	449
1.98333	456
2.00000	556
2.01667	594
2.03333	771
2.05000	1267
2.06667	2473
2.08333	5115
2.10000	9970
2.11667	17916
2.13333	29183
2.15000	42990
2.16667	56532
2.18333	66670
2.20000	70594
2.21667	66733
2.23333	56605
2.25000	42963
2.26667	29268
2.28333	17964
2.30000	9970
2.31667	5106
2.33333	2479
2.35000	1228
2.36667	756
2.38333	542
2.40000	442
2.41667	427
2.43333	514
2.45000	514
2.46667	549
2.48333	563
2.50000	514
2.51667	590
2.53333	572
2.55000	486
2.56667	538
2.58333	499
2.60000	435
2.61667	511
2.63333	508
2.65000	618
2.66667	522
2.68333	527
2.70000	539
2.71667	467
2.73333	468
2.75000	384
2.76667	581
2.78333	613
2.80000	487
2.81667	589
2.83333	425
2.85000	497
2.86667	415
2.88333	384
2.90000	531
2.91667	432
2.93333	415
2.95000	540
2.96667	533
2.98333	460
3.00000	513
3.01667	437
3.03333	484
3.05000	596
3.06667	435
3.08333	436
3.10000	461
3.11667	493
3.13333	461
3.15000	506
3.16667	507
3.18333	470
3.20000	508
3.21667	490
3.23333	447
3.25000	514
3.26667	522
3.28333	559
3.30000	533
3.31667	494
3.33333	444
3.35000	376
3.36667	399
3.38333	476
3.40000	512
3.41667	582
3.43333	472
3.45000	494
3.46667	415
3.48333	482
3.50000	547
3.51667	493
3.53333	480
3.55000	643
3.56667	527
3.58333	437
3.60000	539
3.61667	505
3.63333	548
3.65000	461
3.66667	486
3.68333	522
3.70000	433
3.71667	555
3.73333	502
3.75000	428
3.76667	573
3.78333	551
3.80000	446
3.81667	494
3.83333	513
3.85000	464
3.86667	546
3.88333	557
3.90000	511
3.91667	557
3.93333	424
3.95000	469
3.96667	413
3.98333	468
4.00000	514
4.01667	547
4.03333	472
4.05000	500
4.06667	491
4.08333	488
4.10000	508
4.11667	485
4.13333	527
4.15000	527
4.16667	515
4.18333	462
4.20000	438
4.21667	535
4.23333	484
4.25000	444
4.26667	532
4.28333	475
4.30000	522
4.31667	406
4.33333	492
4.35000	496
4.36667	579
4.38333	435
4.40000	430
4.41667	530
4.43333	571
4.45000	486
4.46667	539
4.48333	487
4.50000	528
4.51667	446
4.53333	384
4.55000	496
4.56667	430
4.58333	582
4.60000	509
4.61667	489
4.63333	462
4.65000	432
4.66667	511
4.68333	534
4.70000	436
4.71667	427
4.73333	553
4.75000	500
4.76667	509
4.78333	475
4.80000	534
4.81667	535
4.83333	530
4.85000	619
4.86667	575
4.88333	870
4.90000	1163
4.91667	1628
4.93333	2536
4.95000	4010
4.96667	6232
4.98333	9139
5.00000	13098
5.01667	17719
5.03333	22684
5.05000	27626
5.06667	31647
5.08333	34579
5.10000	35472
5.11667	34836
5.13333	33208
5.15000	30680
5.16667	27335
5.18333	23526
5.20000	19664
5.21667	15890
5.23333	12516
5.25000	9523
5.26667	7049
5.28333	5136
5.30000	3571
5.31667	2558
5.33333	1809
5.35000	1346
5.36667	899
5.38333	747
5.40000	718
5.41667	566
5.43333	528
5.45000	576
5.46667	493
5.48333	484
5.50000	487
5.51667	434
5.53333	509
5.55000	460
5.56667	369
5.58333	515
5.60000	493
5.61667	430
5.63333	507
5.65000	448
5.66667	543
5.68333	472
5.70000	452
5.71667	460
5.73333	437
5.75000	491
5.76667	527
5.78333	497
5.80000	451
5.81667	414
5.83333	503
5.85000	488
5.86667	522
5.88333	411
5.90000	540
5.91667	485
5.93333	613
5.95000	480
5.96667	601
5.98333	489
6.00000	448
6.01667	521
6.03333	433
6.05000	420
6.06667	448
6.08333	503
6.10000	497
6.11667	455
6.13333	521
6.15000	398
6.16667	508
6.18333	534
6.20000	464
6.21667	466
6.23333	461
6.25000	388
6.26667	509
6.28333	531
6.30000	473
6.31667	509
6.33333	524
6.35000	553
6.36667	520
6.38333	588
6.40000	562
6.41667	521
6.43333	552
6.45000	506
6.46667	432
6.48333	492
6.50000	487
6.51667	543
6.53333	521
6.55000	542
6.56667	572
6.58333	483
6.60000	422
6.61667	549
6.63333	475
6.65000	540
6.66667	562
6.68333	576
6.70000	490
6.71667	478
6.73333	521
6.75000	429
6.76667	583
6.78333	573
6.80000	500
6.81667	455
6.83333	520
6.85000	490
6.86667	426
6.88333	537
6.90000	446
6.91667	463
6.93333	445
6.95000	615
6.96667	452
6.98333	576
7.00000	477
7.01667	474
7.03333	447
7.05000	544
7.06667	416
7.08333	451
7.10000	375
7.11667	530
7.13333	491
7.15000	456
7.16667	502
7.18333	466
7.20000	495
7.21667	589
7.23333	521
7.25000	531
7.26667	430
7.28333	552
7.30000	472
7.31667	510
7.33333	537
7.35000	495
7.36667	436
7.38333	431
7.40000	519
7.41667	542
7.43333	470
7.45000	505
7.46667	509
7.48333	431
7.50000	457
7.51667	463
7.53333	591
7.55000	533
7.56667	569
7.58333	559
7.60000	492
7.61667	443
7.63333	449
7.65000	434
7.66667	495
7.68333	599
7.70000	541
7.71667	558
7.73333	535
7.75000	561
7.76667	501
7.78333	547
7.80000	472
7.81667	538
7.83333	465
7.85000	562
7.86667	567
7.88333	549
7.90000	416
7.91667	505
7.93333	563
7.95000	515
7.96667	591
7.98333	463
8.00000	426

[Peak Table(Detector A-Ch1)]
# of Peaks	2
Peak#	R.Time	I.Time	F.Time	Area	Height
1	2.200	2.050	2.400	525432	70012
2	5.103	4.900	5.500	401225	35009
